kinematics:
  shoulder:
    x: 0
    y: 0
    z: 0.18084823939570321
    roll: -0
    pitch: 0
    yaw: -1.7060267253228827e-07
  upper_arm:
    x: 4.5748184348725998e-05
    y: 0
    z: 0
    roll: 1.5705054983468387
    pitch: 0
    yaw: -4.9753469315598859e-07
  forearm:
    x: -0.61220987462276233
    y: 0
    z: 0
    roll: 0.0012072315723825136
    pitch: -0.0003747793347424061
    yaw: -3.4980668268205614e-07
  wrist_1:
    x: -0.57140786921352882
    y: 0.0015047074206716513
    z: 0.17428432963866786
    roll: 3.1329592323369084
    pitch: 3.1411262440171792
    yaw: 3.1415921426652105
  wrist_2:
    x: -5.3803161216160465e-07
    y: -0.11972323859836884
    z: 0.0001460259865322403
    roll: 1.569576631138234
    pitch: 0
    yaw: -7.6077141446662986e-07
  wrist_3:
    x: -5.0849785280591577e-07
    y: 0.115649756275241
    z: 4.8442074235705909e-05
    roll: 1.5712151955669789
    pitch: 3.1415926535897931
    yaw: -3.1415925422409989
  hash: calib_695259036905310455