image_width: 640
image_height: 480
camera_name: usb_camera
camera_matrix:
  rows: 3
  cols: 3
  data:
  - 485.21147585193114
  - 0.0
  - 311.933961522418
  - 0.0
  - 480.93804617449325
  - 247.55157890109163
  - 0.0
  - 0.0
  - 1.0
distortion_model: plumb_bob
distortion_coefficients:
  rows: 1
  cols: 5
  data:
  - 0.03275099634888042
  - -0.3973374008711855
  - 0.004392096861933427
  - 0.00012207056551558643
  - 1.050706047183374
rectification_matrix:
  rows: 3
  cols: 3
  data:
  - 1.0
  - 0.0
  - 0.0
  - 0.0
  - 1.0
  - 0.0
  - 0.0
  - 0.0
  - 1.0
projection_matrix:
  rows: 3
  cols: 4
  data:
  - 485.21147585193114
  - 0.0
  - 311.933961522418
  - 0.0
  - 0.0
  - 480.93804617449325
  - 247.55157890109163
  - 0.0
  - 0.0
  - 0.0
  - 1.0
  - 0.0
